HMC3050N1901  1823   673   958   784  1032  1056   647   899   862
HMC3050N1910  1019   993  1031   972   702  1441  1286   757  1138   701
HMC3050N1920   935   959   763   812   736   692   762   924   940   771
HMC3050N1930   799   752   615   659   685   689   526   610   809   630
HMC3050N1940   532   520   568   684   465   575   753   789   741  1045
HMC3050N1950   859   843   897   556   524   690   796   902   953   961
HMC3050N1960   873   711   670   769   697   765   532   573   628   704
HMC3050N1970   640   788   947   749   837   563   527   558   551   690
HMC3050N1980   478   413   373   355   273   511   479   469   328   450
HMC3050N1990   485   379   276   399   438   311   357   317   363   375
HMC3050N2000   202   274   323   444   460   438   336   243   314   355
HMC3050N2010   290   453   521   513   559   600   164 -9999
HMC3050W1873   457   315   297   289   295   317   303
HMC3050W1880   312   429   432   479   445   633   822   604   757   888
HMC3050W1890   886   840   698   687   936   998  1325  1449  1474  1430
HMC3050W1900  1266  1378   200   241   215   429   412   223   348   289
HMC3050W1910   456   346   480   546   396   863   800   457   809   634
HMC3050W1920   733   847   812   834   839   734   716   807   755   651
HMC3050W1930   697   781   854   714   903   832   725   699   811   701
HMC3050W1940   848   691   828   962   834  1007   935   751   713   955
HMC3050W1950   901   857  1058   690   775  1003   750   904   956   996
HMC3050W1960  1095  1009   805   925   678   698   536   537   624   658
HMC3050W1970   495   594   660   725   794   584   622   687   614   834
HMC3050W1980   563   592   606   583   511   761   729   605   466   593
HMC3050W1990   678   523   541   676   498   397   477   438   553   341
HMC3050W2000   406   335   376   355   464   445   344   163   227   235
HMC3050W2010   266   329   308   344   360   370    75 -9999
