HMC1024N1940   346   470   480   431   256   230   299   149   312   265
HMC1024N1950   562   517   357   280   260   195   249   193   131   392
HMC1024N1960   135   520   641   413   435   484   238   109   274   452
HMC1024N1970   476   273   386   618   448   394   149   240   298   344
HMC1024N1980   241   252   200   275    98    62   292   202   616   731
HMC1024N1990   544   559   373   278   339   377   135   213   163   159
HMC1024N2000   307   193   287   186   189   228   258    45   226   162
HMC1024N2010    91    72    95   104    76   256    91 -9999
HMC3120W1917   603   588   455
HMC3120W1920   325   288   197   498   306   252   238   354   184   255
HMC3120W1930   202   190   195   340   247   372   426   255   208   426
HMC3120W1940   546   506   295   786   488   481   428   493   505   181
HMC3120W1950   302   355   354   324   261   236   344   267   281   437
HMC3120W1960   349   271   332   323   592   356   295   212   245   153
HMC3120W1970   162   255   190   307   336   623   473   205   491   465
HMC3120W1980   450   315   455   375   311   486   954   406   529   382
HMC3120W1990   655   541   510   198   252   152    86    72    80   159
HMC3120W2000   157   324   199   219   155   131   138   146    64    60
HMC3120W2010   178   101    59 -9999
HMC3120E1919   935
HMC3120E1920   804   615   424   892   643   590   627   906   771   828
HMC3120E1930   643   723   719   945   434   681   733   457   478   704
HMC3120E1940   796   931   564  1653  1264  1137   970  1153   814   380
HMC3120E1950   660   581   642   792   634   442   418   392   421   574
HMC3120E1960   498   486   430   417   441   486   502   294   410   488
HMC3120E1970   426   451   326   378   279   543   442   243   496   493
HMC3120E1980   446   345   357   275   167   385   500   300   567   299
HMC3120E1990   497   237   172    98   248   152   108   240   215   164
HMC3120E2000   119   211   180   148   281   160   101   162   127   111
HMC3120E2010    62    78   205   145     0     0     0 -9999
HMC3090S1900   503   476   449   830  1014   769   752   685   299   249
HMC3090S1910   312   248   490   732   640   409   579   450   559   455
HMC3090S1920   410   662   306   416   432   297   175   357    87   225
HMC3090S1930   162   159   173   472   403   512   427   339   163   191
HMC3090S1940   422   225   379   701   558   605   292   295   343   143
HMC3090S1950   246   268   145   149   149    66   181   170   113   161
HMC3090S1960   126   150   174   222   110   188   210   144   122   121
HMC3090S1970   123    87   276   205   183    61   140    56    30   145
HMC3090S1980   168   103   278   120   121   247   115   209   154   300
HMC3090S1990    97   168 -9999
HMC3084W1900  1405  1674  1938  1737  1930  1178  1507  1429   800  1037
HMC3084W1910  1000   644  1498  1426  1501  1236  1163   757   921  1176
HMC3084W1920  1117  1198   844  1135   801   531   759  1112   486   924
HMC3084W1930   756   549   638   983   486   581   527   437   336   520
HMC3084W1940   422   335   818   738   658   750   833   560   206   156
HMC3084W1950   310   357   540   268   202   352   515   360   421   415
HMC3084W1960   341   373   391   402   478   375   288   164   246   479
HMC3084W1970   562   610   512   406   346    33    82    95    40    54
HMC3084W1980   328   526   567   476   361   146   281   494   536   269
HMC3084W1990   148   215   619   141   542   650   368   265   271   348
HMC3084W2000   360   564   561   314   429   691   599   123   141   524
HMC3084W2010   427   365   536   530   479   266   542 -9999
HMC3084E1900  1342  1800  2111  1570  1628  1293  1464  1426   699   781
HMC3084E1910   709   566  1427  1185  1454  1650  1459   923   757  1224
HMC3084E1920   967  1042   616   957   861   582   708  1076   494   695
HMC3084E1930   515   473   413   737   449   623   546   389   298   238
HMC3084E1940   384   362   272   460   575   641   690   760   545   273
HMC3084E1950   212   346   486   252   199   341   297   244   288   374
HMC3084E1960   427   330   358   397   370   395   341   315   109   220
HMC3084E1970   452   593   835   498   414   480   290   175   579   719
HMC3084E1980   443 -9999
HMC3194N1900  1084  1226  1055  1567  2139  1350  1381  1229   405   489
HMC3194N1910   329   263   655   872  1179   817  1260   947   820   824
HMC3194N1920   445   316   294   703   575   309   301   616   644   905
HMC3194N1930   500   475   424   642   393   633   800   409   536   676
HMC3194N1940   780   820   564   791   532   433   556   620   517   197
HMC3194N1950   310   448   395   383   302   253   302   292   262   286
HMC3194N1960   131   190   220   299   512   350   317   223   301   405
HMC3194N1970   471   275   496   480   362   385   253   157   250   533
HMC3194N1980   547   743   563   335   209   224   169   101    95    99
HMC3194N1990   262   248   247   190   353   198   154   149   165   174
HMC3194N2000   133   169   228   182   217   160   198    96   135   149
HMC3194N2010   179    99   137    87   135   110    38 -9999
HMC3194S1900  1202  1453  1399  1552  2139  1314  1169  1046   347   405
HMC3194S1910   266   287   636   662  1208  1114  1456  1058   917   907
HMC3194S1920   546   483   369   757   633   389   402   696   814  1059
HMC3194S1930   611   637   508   649   472   672   825   392   301   596
HMC3194S1940   631   648   514   777   542   483   694   709   621   197
HMC3194S1950   377   349   383   353   360   312   401   468   424   509
HMC3194S1960   239   414   333   366   797   473   364   196   252   199
HMC3194S1970   257   252   497   765   427   435   360   273   405   643
HMC3194S1980   584   625   425   240   167   190   166   145   210   195
HMC3194S1990   379   363   246   181   410   140   160   173   186   152
HMC3194S2000   136   134   162   123   107   117   150    96   100   238
HMC3194S2010   168    94    96    58    97   167    98 -9999
HMC3087W1900  1162  1325  1235  1417  1751  1160  1256  1043   410   407
HMC3087W1910   246   343   845   956  1323   833  1123   914   744  1233
HMC3087W1920   705   588   519  1020   828   687   832  1075  1084  1110
HMC3087W1930   626   553   436   635   524   845   915   564   738   749
HMC3087W1940  1119  1089   639  1503   827   846   626   944   668   290
HMC3087W1950   549   459   599   919   670   498   460   915   712   676
HMC3087W1960   598   485   612   358   301   407   561   375   554   625
HMC3087W1970   711   735   718   787   562   615   579   315   420   428
HMC3087W1980   577   658   853   628   575   540   510   561   651   333
HMC3087W1990   461   380   348   345   572   868   550   511   562   493
HMC3087W2000   717   654   627   443   423   478   592   464   231   278
HMC3087W2010   213   251   227   267   215   236   237 -9999
HMC3087E1900  1102  1183  1396  1241  1664  1009  1154  1075   378   427
HMC3087E1910   364   363  1407  1445  1384  1288  1268   989   806  1037
HMC3087E1920   581   283   307   723   737   559   653   782   766   918
HMC3087E1930   421   314   244   492   350   528   501   321   373   457
HMC3087E1940   786   677   423   939   541   655   481   832   530   232
HMC3087E1950   515   548   467   640   421   395   379   640   543   617
HMC3087E1960   502   436   595   356   360   338   355   237   306   322
HMC3087E1970   367   301   230   252   224   162   141    64   161   268
HMC3087E1980   363   389   485   306   338   374   396   422   547   175
HMC3087E1990   328   258   251   153   335   416   206   216   336   209
HMC3087E2000   402   449   444   301   302   296   447   331   224   291
HMC3087E2010   229   366   373   270   212   235   205 -9999
HMC3174N1900   485   711   691   901  1020   681   910   781   385   385
HMC3174N1910   310   273   457   838  1025   808   738   583   597   838
HMC3174N1920   511   354   308   518   492   344   441   463   553   430
HMC3174N1930   347   315   256   352   233   391   361   200   216   420
HMC3174N1940   448   471   253   611   658   733   833   758   618   329
HMC3174N1950   400   373   310   207   211   235   236   213   207   292
HMC3174N1960   280   294   230   235   228   218   230   168   156   182
HMC3174N1970   178   311   164   209   118   268   281   111   211   498
HMC3174N1980   556   579   407   334   356   368   520   563   629   302
HMC3174N1990   616   349   253   271   397   210   309   293   184    58
HMC3174N2000   371   239   191   180   244   125   235   118   240   331
HMC3174N2010   250   342 -9999
HMC3174S1900   747   913   925  1051  1368   910   824   661   259   346
HMC3174S1910   400   301   357   525   608   718   766   677   707   903
HMC3174S1920   675   359   402   464   612   432   447   454   360   398
HMC3174S1930   200   252   199   340   331   424   402   224   324   353
HMC3174S1940   400   444   329   607   576   655   589   577   737   357
HMC3174S1950   519   536   458   236   286   342   388   352   243   247
HMC3174S1960   270   295   232   272   215   215   259   159   204   242
HMC3174S1970   201   267   244   249   160   376   307   119   298   373
HMC3174S1980   409   434   431   257   356   301   294   353   450   283
HMC3174S1990   523   378   470   198   355   196   230   296   166    42
HMC3174S2000   170   258    27   170   144   172   193    52    48   247
HMC3174S2010   128   158    76   208   266   224     0 -9999
