HMC4175E1871   661   114   556   319   225   425   406   323   412
HMC4175E1880   307   454   185   857   833   626   531   641   765   438
HMC4175E1890   439   435   411   185   411   278   476   591   339  1110
HMC4175E1900   792  1001   902   983   935  1481  1196  1287   952  1275
HMC4175E1910  1255  1308  1386  1670  1072  1115  1740  1301   533   794
HMC4175E1920   785   682   595   425   565   559   726   550   131   425
HMC4175E1930   181   507  1216  1470  1516  1422  1156  1097   871   631
HMC4175E1940   428   494  1468   922   872   921  1649   942   582   395
HMC4175E1950   417   485   503   283   428   358  1009  1115  1076   485
HMC4175E1960   575   683   921  1373  1502   989  1392  1088  1465  1112
HMC4175E1970  1494  1237   995   586   675  1044   804   960    69   551
HMC4175E1980   795  1009   793   759   818   395   652   677   751   594
HMC4175E1990   703   777   736   707   580  1066   496   622   659   264
HMC4175E2000   410   311   519   333   282   222   225   158   339   213
HMC4175E2010   354   237   233   235   236   386     0 -9999
HMC4175S1854   473   547   738    67   761   511
HMC4175S1860   778   967   622    73    86   379   760   453   320   600
HMC4175S1870   698   422    59   311   409   201   109   201   663   787
HMC4175S1880   420   452   150   632   620   349   252   515   393   591
HMC4175S1890   484   338    85   691   274   325   404   178   128   482
HMC4175S1900   389   574   496   485   663  1100  1125  1161   987   834
HMC4175S1910   750   703  1278   600   921   702  1722  1121   374   685
HMC4175S1920   837  1027   807   689  1042   893  1000   685   257   439
HMC4175S1930   428   378   948   587   555   408  1094  1092   689   855
HMC4175S1940  1086  1895  2367  1941  1495  2102  2059  1736  1368  1421
HMC4175S1950   880   284    99   241   645  1111  1021   330   353   499
HMC4175S1960   923   646   632   238   307   415   504   462   466   667
HMC4175S1970   869   962  1083   993  1241  1707  1205  1654  2070  1512
HMC4175S1980  1547  1273   665   775   771   938   648   953   638   585
HMC4175S1990   711   672   670   644   869  1318   688   624   605   847
HMC4175S2000   352   484   548   387   313   138   330   217   407   234
HMC4175S2010   442   701   371   432   501 -9999
HMC2054W1868   794   985
HMC2054W1870   419   969  1082  1009   973  1133  1105  1043  1281   734
HMC2054W1880   706   395   590   625   614   625   599   685   754   661
HMC2054W1890   175   138   127   726   363   448   723  1069   915  1752
HMC2054W1900   846  1329  1515  1672  1201  1732  1497  1305  1423  1455
HMC2054W1910  1458  1369  1453   912  1363  1261  2105  2286  1244  2156
HMC2054W1920  2173  1981  1540   904  1101  1083   970   865  1267  1166
HMC2054W1930  1241  1293  1860  1770  1583  1300   956   590   209   278
HMC2054W1940   706   776  1079  1451  1039   897  1161  1791   975  1288
HMC2054W1950  1049   776   839   590  1072   561   499   446   385   379
HMC2054W1960   259   638   442   322   774   732   787   739   889  1379
HMC2054W1970   778  1061   970  1190  1167  1628  1949  1919  1919  1859
HMC2054W1980  1933  2006  1513   911  2254  2116  1965  2189  1702  1179
HMC2054W1990  1123  1123  1360   877  1419  1674   871  1207  1605  1032
HMC2054W2000   747   736  1193   809   489   758  1242   768   959  1374
HMC2054W2010   638   722   951  1513  1481  1746  2005 -9999
HMC2054E1900   881   702   670   570   575   795   998   910   815  1018
HMC2054E1910  1146   903   811   553   977   837  1435  2108   972  1178
HMC2054E1920  1196   914   737   489   474   634  1019   639   786   633
HMC2054E1930   652   633   697   948   724   691   495   367    95   128
HMC2054E1940   535   533   872   966   445   992  1096  1293   948  1286
HMC2054E1950  1180   645   599   567   850   322   309   124   370   398
HMC2054E1960   439   395   203   169   341   336   279   480   549   678
HMC2054E1970   469   857   930  1042   932   887   626   931  1273  1040
HMC2054E1980  1079  1184   778   851  1213   641   977   969   908   794
HMC2054E1990  1120  1087  1181   772   940  1438   544   514   724   823
HMC2054E2000  1132   512  1571  1053  1301  1179  1286   688  1257  1277
HMC2054E2010  1049  1104  1699  1899  1175  1432  1025 -9999
HMC2058S1723   588   495   559   307   151   665   384
HMC2058S1730   127   265   117   501   470   393   366   257   327   389
HMC2058S1740   610    43   476   278   703   405   409   202   299   382
HMC2058S1750   151   427   310   528   378   523   522   526   736   530
HMC2058S1760   528   826   654   742  1012  1252  1273   988   874   639
HMC2058S1770   563   608   454   438   678   554   590   872   758   539
HMC2058S1780   531   787   577   748   989   823   719   710   908   763
HMC2058S1790   473   839   826   820   899   839   720   695   566   530
HMC2058S1800   782   411  1102   543   715   595   627  1102   840   497
HMC2058S1810   231   401   260   559   462   729   553   678   490   590
HMC2058S1820   853   750   570  1111   867   887   677   466   591   761
HMC2058S1830   548   653   439   603   381   613   726  1033   955  1109
HMC2058S1840   895   773   738   936  1359   864   192   148   291   192
HMC2058S1850   353   253   127   197   380   103    59   150   242   381
HMC2058S1860   460   563   550   760   459   514   568   359   433   542
HMC2058S1870  1096   816   561   806   773  1037   595   574   358   689
HMC2058S1880   368   349   480   378   194   234   310   325   413   472
HMC2058S1890   166   231   192   445   518   667   753   611   699   832
HMC2058S1900  1305  1030   888  1135   601   630   396   516   319   236
HMC2058S1910   338   246   146   284   330   255   377   380   101   333
HMC2058S1920   295   208   280   434   393   356   290   333   339   379
HMC2058S1930   385   802  1492  1673  1558  1075   891   420   411   530
HMC2058S1940   416   471  1149  1646  1571  1266   611  1315   697   693
HMC2058S1950   927   828   536   512   554   506   670   408   644   759
HMC2058S1960   279   563   359   514   903  1154  1300   965  1845  1875
HMC2058S1970  1211  1379 -9999
