HMC3117N1885  3227  2441  1825  1431  1934
HMC3117N1890  2364  3238  1976  1238   955   818   212  1028  1432  1976
HMC3117N1900  2572  3920  3078  3005  2976  1940  1828  1768  1336  1547
HMC3117N1910   340   715   856  1551  1372  1104   959   941  1383   961
HMC3117N1920  1007   678   562   898   981   701  1386  1397  1503  1249
HMC3117N1930  1645  1411   642   672  1219  1076  1349   982   789  1003
HMC3117N1940  1448  1823  1084  1282  1027  1002  1215  1223  1028   678
HMC3117N1950   580  1238  1094  1221  1225  1151  1058  1415  1469  1254
HMC3117N1960  1300  1404  1141  1044   860  1303  1940  1325  1471  1339
HMC3117N1970  1553  1854  2029  1496  1291  1263  1285   597   733  1073
HMC3117N1980  1561  1853  1723  1327   870   953  1401  1304  1185   528
HMC3117N1990   768  1213  1176   797   823  1056   666 -9999
HMC3173W1962  4109  3316  3147  2484  2811  1975  2740  3809
HMC3173W1970  4314  5091  3684  3495  2429  2968  2477  1815  1458  2274
HMC3173W1980  1410  1903  2347  2173  1861  2269  2384  2719  2316  1153
HMC3173W1990  2105  1571  2199  2138  2555  2250  2091  1929  2606  1875
HMC3173W2000  3441  2484  1108  1049  1826  2348  3254  1829  1713  1322
HMC3173W2010  1965  1337   861   666   527   696   877 -9999
HMC3173E1894  3918  3030  2484  4236  2711  2128
HMC3173E1900  2544  2844  2674  2608  2213  1637  2133  2269  1231  1947
HMC3173E1910  1339  1103  3047  3030  3108  3261  2021  2647  1938  1640
HMC3173E1920  2715  1792  1454  2926  2109  1483  2101  2519  1643  1672
HMC3173E1930  2393  2661  1518  1927  1672  1479  2543  1961  2121  2319
HMC3173E1940  2499  1725  1166   592  1512  2276  2357  2055  1380   830
HMC3173E1950  1722  1852  3113  3936  2912  2737  2373  2029  1225  1389
HMC3173E1960  3217  3088  2412  1251   947   919  1344  1213  1128   878
HMC3173E1970  2123  2982  2497  2878  2117  1379  1359   994  1126  2471
HMC3173E1980  1923  2512  2886  1578  1139   910   399   649  1380   767
HMC3173E1990  1371  1219  2528  1711  1687  1706  1432  1171  1323  1043
HMC3173E2000  1134  1319   744  1359  1569  1281   982   659  1306   475
HMC3173E2010   586   825   694   590   642   666   676 -9999
HMC3079W1893   635  1446   946  1607  1629  1412  1510
HMC3079W1900  1771  1529  2093  2287  1756  1712  1455  1433   970  1483
HMC3079W1910   443   629  2508  2349  2351  1690  1479  1295  1453  1853
HMC3079W1920  1619  1067   915  2040  1311   831  1498  1665  1171  1384
HMC3079W1930  1147  1282   841   865   902  1450  1725  1080  1008  1147
HMC3079W1940  1425  1437  1034   847  1217  2151  1491  1466  1120   726
HMC3079W1950  1144  2542  3075  2762  2390  1702  1853  1983  1282  1636
HMC3079W1960  1805  2621  2047  1726  1505  1079   951   608  1485  2115
HMC3079W1970  2465  2827  2481  2943  2294  2070  2074  1393  1504  2183
HMC3079W1980  2139  2310  2105  2642  1825  1975  2355  2274  2707  2246
HMC3079W1990  2555  3685  2543  2487  3787  3273  2931  3125  2270  2170
HMC3079W2000  1228  1143   987  3144  2334   765  1596  1257  2721  2726
HMC3079W2010  2663  2271  2231  1510  1876  2113     0 -9999
HMC3079E1902  2498  2031  2233  2032   696   972   829  1382
HMC3079E1910   645   622  2469  2212  2398  1827  1463  1550  1749  1666
HMC3079E1920  1650  1011   637  1545  1118   771  1233  1869  1238   975
HMC3079E1930  1368  1468  1218  1446  1064  1389  1628  1197  1168  1531
HMC3079E1940  2172  1996  1505  1904  2122  2007  1989  1908  1469  1280
HMC3079E1950  1786  2943  3488  3391  2825  1725  1537  2322  1464  2004
HMC3079E1960  1924  2792  2117  2105  1814  1504  1569  1089  1711  2052
HMC3079E1970  1960  2524  2796  2626  2097  2308  2209  1081  1418  2192
HMC3079E1980  2349  1926  2011  1854  1492  1663  2089  1599  1762 -9999
