HMC1027N1950   404   556   929  1526  1485  1158   878   692   793   709
HMC1027N1960   912   874  1027   771   434   631   668   691   545   723
HMC1027N1970   651   271   900   749   816   467   699   190   227   141
HMC1027N1980   396   392   567   529   386   262   131   434   478   380
HMC1027N1990   234   396   510   452   309   189   201   205   545   602
HMC1027N2000   387   148    51    23    68   145   128   520   306   968
HMC1027N2010 -9999
HMC1027S1950   402   466   694   427   248   384   605   827  1112  1055
HMC1027S1960   835   628   867   604   991   609   348   462   388   473
HMC1027S1970   527   662   308   435   422   566   923   566   720   335
HMC1027S1980   610   372   192   209   336   259   279   367   302   380
HMC1027S1990   119    76   376   340   286   462   310   297   245   349
HMC1027S2000   342   186   370   320    48   103    54   134   237   214
HMC1027S2010   460   385     0     0     0     0     0 -9999
HMC3071W1950   216   672  1291   991   781   771   715   863   630   728
HMC3071W1960   651   575   462   455   625   571   507   369   519   318
HMC3071W1970   597   916  1268  1345   974  1047   818   150    85   231
HMC3071W1980   307   654  1003   305   672   304   231   393   454   356
HMC3071W1990   589   418   352   185   437   372   412   244   727   510
HMC3071W2000    67   266   160   274   205   180   298    76    81   201
HMC3071W2010   234   169    32   211   162   244 -9999
HMC3071E1950    62   383   578   540   690   740   730   824   574   622
HMC3071E1960   396   493   530   323   450   439   355   282   402   308
HMC3071E1970   362   677   983   794   592   699   698   213   171   573
HMC3071E1980   760   897   646   306   547   329   252   409   338   257
HMC3071E1990   421   314   296   186   372   299   420   281   969   635
HMC3071E2000   265   248   191   308   301   267   405    80    96   319
HMC3071E2010   312   321    75   402   424   429     0 -9999
